Test ori 16.29 17.62009
Grain 0 0 1 0 0
Grain 1 0 1 0 0
Grain 2 0 1 0 0
Grain 3 0.3892443 0.8632583 0.02251621 0.320573
Test ori 24.59491 25.20228
Grain 0 0 1 0 0
Grain 1 0 1 0 0
Grain 2 0 1 0 0
Grain 3 0.2400786 0.9637148 0.1145082 0.02244863
Test ori 25.87535 26.30798
Grain 0 0 1 0 0
Grain 1 0 1 0 0
Grain 2 0 1 0 0
Grain 3 0.5016417 0.8163216 0.05522608 0.2809354
Test ori 27.16901 27.50369
Grain 0 0 1 0 0
Grain 1 0 1 0 0
Grain 2 0 1 0 0
Grain 3 0.3272092 0.8359655 -0.1004234 0.4289652
Test ori 28.17427 28.46235
Grain 0 0 1 0 0
Grain 1 0 1 0 0
Grain 2 0 1 0 0
Grain 3 0.4472248 0.8467526 0.005763818 0.2880398
Test ori 30.51025 31.40334
Grain 0 0 1 0 0
Grain 1 0 1 0 0
Grain 2 0.5461276 0.7751408 0.006929883 0.3175744
Grain 3 0.4472248 0.8467526 0.005763818 0.2880398
Test ori 32.24322 32.51643
Grain 0 0 1 0 0
Grain 1 0 1 0 0
Grain 2 0.4336997 0.870643 0.04023458 0.2286188
Grain 3 0.4472248 0.8467526 0.005763818 0.2880398
Test ori 33.11011 33.24154
Grain 0 0 1 0 0
Grain 1 0 1